$ 1 5.0E-6 16.13108636308289 60 5.0 50
R -56 48 -144 48 0 3 400.0 1.0 1.0 0.0 0.5
R -56 160 -152 160 0 3 400.0 -1.0 -1.0 0.0 0.5
S 128 104 -56 104 0 1 false 0
w -56 48 -56 88 0
w -56 160 -56 120 0
m 128 104 240 0 0 100.0 16000.0 1.0E-8 1.0E-8 1.0E-10
m 248 128 240 0 0 100.0 16000.0 0.0 1.0E-8 1.0E-10
m 248 128 304 232 0 100.0 16000.0 1.0E-8 1.0E-8 1.0E-10
m 352 64 304 232 0 100.0 16000.0 1.0E-8 1.0E-8 1.0E-10
m 448 -72 504 64 0 100.0 16000.0 0.0 1.0E-8 1.0E-10
m 304 232 504 232 0 100.0 16000.0 1.0E-8 1.0E-8 1.0E-10
m 352 64 504 64 0 100.0 16000.0 1.0E-8 1.0E-8 1.0E-10
m 240 0 352 64 0 100.0 16000.0 1.0E-8 1.0E-8 1.0E-10
m 504 232 352 64 0 100.0 16000.0 0.0 1.0E-8 1.0E-10
g 648 64 648 112 0
g 648 192 648 240 0
g 648 -72 648 -24 0
r 448 -72 648 -72 0 100.0
r 504 64 648 64 0 100.0
w 504 232 544 192 0
r 544 192 648 192 0 100.0
m 504 64 504 232 0 100.0 16000.0 1.0E-8 1.0E-8 1.0E-10
m 448 -72 240 0 0 100.0 16000.0 0.0 1.0E-8 1.0E-10
m 304 232 128 104 0 100.0 16000.0 0.0 1.0E-8 1.0E-10
o 0 64 0 35 2.3384026197294445 0.011692013098647223 0 -1
o 1 64 0 35 2.3384026197294445 9.134385233318143E-5 0 -1
o 17 64 0 35 0.03653754093327257 3.6537540933272573E-4 1 -1
o 18 64 0 35 0.5846006549323611 0.005846006549323612 1 -1
o 20 64 0 35 0.5846006549323611 0.005846006549323612 1 -1

