$ 1 5.0E-6 242.03481360272136 43 2.0 50
m 1518 7588 1395 7479 0 283 58389.4618009 583894.618009 0.0 6.40729913282E-7 2.56E-9
m 8427 5559 8450 5480 0 327 3592.49999835 35924.9999835 4.23877763511E-8 4.23877763511E-8 2.56E-9
m 3093 174 8604 4593 0 363 25602.551175 256025.51175 1.998352906915981E-7 2.23842888163E-7 2.56E-9
m 8403 2975 2937 223 0 383 30842.4469749 308424.469749 0.0 2.87689779175E-7 2.56E-9
m 752 6737 2859 250 0 157 28578.5454372 285785.454372 3.0648641468E-7 3.0648641468E-7 2.56E-9
m 1277 1246 7452 1364 0 185 86547.0673171 865470.673171 0.0 9.51834278343E-7 2.56E-9
m 1396 1133 5 4511 0 90 62572.876413 625728.76413 0.0 6.41222544752E-7 2.56E-9
m 70 5081 3093 174 0 268 105770.54439 1057705.4439 0.0 9.31225649021E-7 2.56E-9
m 1709 7742 6704 7884 0 289 2537.66845667 25376.6845667 0.0 2.53422215786E-8 2.56E-9
m 7667 7001 7767 6871 0 320 192387.337114 1923873.37114 1.8188917111E-6 1.8188917111E-6 2.56E-9
m 6838 7790 6904 7742 0 310 110826.810408 1108268.10408 0.0 1.28712090408E-6 2.56E-9
m 8191 2443 7907 1943 0 223 96273.0184939 962730.184939 0.0 8.80981108828E-7 2.56E-9
m 2782 8334 8078 2224 0 73 48504.4361574 485044.361574 5.48155805414E-7 5.48155805414E-7 2.56E-9
m 8613 4347 8598 3938 0 214 282666.942275 2826669.42275 2.51138597211E-6 2.51138597211E-6 2.56E-9
m 6969 921 8543 3531 0 110 68682.3712426 686823.712426 6.98798807065E-7 6.98798807065E-7 2.56E-9
m 2261 517 2706 308 0 126 184797.027018 1847970.27018 0.0 1.64627066665E-6 2.56E-9
m 1220 1305 8224 6095 0 27 12309.4518318 123094.518318 0.0 1.02424391581E-7 2.56E-9
m 1457 1078 3252 131 0 149 184517.528603 1845175.28603 0.0 1.71973018164E-6 2.56E-9
m 8376 2898 8349 2820 0 341 55477.2839478 554772.839478 0.0 4.97688669282E-7 2.56E-9
m 1518 7588 8450 5480 0 285 31705.1543922 317051.543922 3.42381582171E-7 3.42381582171E-7 2.56E-9
m 2708 8304 2407 441 0 72 40480.6472496 404806.472496 4.77449238396E-7 4.77449238396E-7 2.56E-9
m 7717 1676 7667 1612 0 104 40766.0401336 407660.401336 4.34711015643E-7 4.34711015643E-7 2.56E-9
m 1580 972 1457 1078 0 21 60895.8775291 608958.775291 5.86024687761E-7 5.86024687761E-7 2.56E-9
r 293 2744 460 6243 0 395 100.0
m 896 6936 999 7064 0 51 25854.8055098 258548.055098 2.30341568955E-7 2.30341568955E-7 2.56E-9
m 3816 28 3734 38 0 17 31168.8143405 311688.143405 0.0 2.84099705624E-7 2.56E-9
m 424 2443 3411 94 0 135 72732.0920411 727320.920411 7.12998885027E-7 7.12998885027E-7 2.56E-9
m 6424 8056 6566 7973 0 307 70858.5341249 708585.341249 6.73746735834E-7 6.73746735834E-7 2.56E-9
m 3897 19 4634 12 0 14 23637.9999351 236379.999351 0.0 2.04068714394E-7 2.56E-9
m 8078 2224 8038 2153 0 102 62331.4649684 623314.649684 0.0 6.12395501457E-7 2.56E-9
m 2937 8389 3015 8415 0 77 64668.3358351 646683.358351 0.0 7.65187156955E-7 2.56E-9
m 8226 2517 8191 2443 0 221 1928.36697869 19283.6697869 0.0 1.83893837762E-8 2.56E-9
m 4553 7 8349 5792 0 118 102757.421747 1027574.21747 8.59516629781E-7 8.59516629781E-7 2.56E-9
m 2408 8171 2189 556 0 175 293854.291527 2938542.91527 2.354062220892884E-6 3.49345354898E-6 2.56E-9
g 7440 -64 9240 -24 0 0
m 2859 8363 1775 7790 0 76 142286.865523 1422868.65523 0.0 1.25044199275E-6 2.56E-9
m 4881 8575 4962 8563 0 6 3742.43263134 37424.3263134 3.882359465E-8 3.882359465E-8 2.56E-9
m 2262 8096 2480 406 0 171 185485.178237 1854851.78237 0.0 1.57431062856E-6 2.56E-9
m 237 2898 8492 5322 0 33 60312.8954067 603128.954067 0.0 7.10026828057E-7 2.56E-9
m 1276 7366 537 2224 0 60 241925.128916 2419251.28916 1.0642039449336427E-6 2.17255030765E-6 2.56E-9
m 2557 8241 0 4347 0 176 42489.8670048 424898.670048 1.9180962900103131E-7 4.37103114125E-7 2.56E-9
m 2333 478 706 1943 0 131 74128.6449326 741286.449326 3.9815069672826045E-8 7.59225397626E-7 2.56E-9
m 121 5322 4960 49 0 41 19030.3957241 190303.957241 0.0 1.80791970638E-7 2.56E-9
m 264 5792 7507 7188 0 152 82768.7642643 827687.642643 8.73404646838E-7 8.73404646838E-7 2.56E-9
m 4716 19 8291 2668 0 240 11871.568205 118715.68205 1.1807768198E-7 1.1807768198E-7 2.56E-9
m 3331 111 2706 308 0 122 2718.07044619 27180.7044619 2.28054801247E-8 2.28054801247E-8 2.56E-9
m 293 2744 44 3693 0 141 328101.230154 3281012.30154 0.0 2.77385832433E-6 2.56E-9
m 6280 8134 6353 8096 0 305 44844.2278919 448442.278919 4.45556553657E-7 4.45556553657E-7 2.56E-9
m 2630 339 2555 372 0 123 32099.3433358 320993.433358 2.57482800397E-7 2.57482800397E-7 2.56E-9
m 8598 4675 7338 7366 0 212 44246.3105092 442463.105092 2.437147509121363E-7 4.08587848371E-7 2.56E-9
m 7815 1808 7615 1548 0 225 22206.50802 222065.0802 2.56442288945E-7 2.56442288945E-7 2.56E-9
m 3093 8439 7219 1133 0 183 65343.6966812 653436.966812 0.0 5.56235351763E-7 2.56E-9
m 8427 3054 8403 2975 0 220 3976.3633453 39763.633453 0.0 4.44358684137E-8 2.56E-9
m 7815 1808 7862 1875 0 224 179966.958088 1799669.58088 0.0 2.10171132239E-6 2.56E-9
m 70 3531 6133 406 0 382 210941.608978 2109416.08978 0.0 2.43340401027E-6 2.56E-9
m 1162 7248 8038 2153 0 56 26064.3443391 260643.443391 2.24237271176E-7 2.24237271176E-7 2.56E-9
m 44 3693 5754 8363 0 181 78029.6449979 780296.449979 0.0 7.5652859546E-7 2.56E-9
m 2706 308 3015 198 0 128 8739.27583837 87392.7583837 0.0 9.46871638117E-8 2.56E-9
m 33 3775 10 4019 0 263 35433.6522736 354336.522736 2.8546739906E-7 2.8546739906E-7 2.56E-9
m 5599 198 5362 131 0 235 112288.932179 1122889.32179 9.66085640918E-7 9.66085640918E-7 2.56E-9
m 896 6936 947 7001 0 50 52310.482478 523104.82478 0.0 4.74677049537E-7 2.56E-9
m 2335 8134 24 3856 0 172 167452.496575 1674524.96575 1.143391471851564E-6 1.48171635225E-6 2.56E-9
m 6635 7929 6704 7884 0 308 1364.83826918 13648.3826918 0.0 1.27334864487E-8 2.56E-9
m 3734 8575 4798 28 0 87 107889.97224 1078899.7224 4.995990287940432E-7 1.16294917172E-6 2.56E-9
m 33 4838 7158 7534 0 388 120548.386367 1205483.86367 0.0 1.30390513363E-6 2.56E-9
m 5282 111 5362 131 0 114 19615.1527022 196151.527022 0.0 1.9285146423E-7 2.56E-9
m 999 1548 947 1612 0 371 79580.7206834 795807.206834 8.80552723753E-7 8.80552723753E-7 2.56E-9
m 460 2369 8590 4756 0 255 345676.905833 3456769.05833 1.0970064421108592E-6 3.12914881315E-6 2.56E-9
m 2190 8056 7615 7064 0 293 9634.77553931 96347.7553931 1.0892178182939282E-7 1.09722838197E-7 2.56E-9
m 8259 2592 4554 8606 0 100 49083.5956491 490835.956491 4.38219225591E-7 4.38219225591E-7 2.56E-9
m 6058 8241 6496 597 0 392 55545.3904368 555453.904368 0.0 5.64434747038E-7 2.56E-9
m 8581 3775 4799 8585 0 216 103262.413864 1032624.13864 0.0 1.05059840883E-6 2.56E-9
m 4960 49 4879 38 0 116 24322.6136807 243226.136807 2.04747435231E-7 2.04747435231E-7 2.56E-9
m 3653 8563 2335 8134 0 85 14039.9377786 140399.377786 1.55325085691E-7 1.55325085691E-7 2.56E-9
m 1775 822 2 4183 0 264 63959.1837783 639591.837783 7.62065124045E-7 7.62065124045E-7 2.56E-9
m 3172 152 8077 6388 0 386 14491.8709004 144918.709004 0.0 1.39028299495E-7 2.56E-9
m 1644 921 6635 683 0 373 65057.2677692 650572.677692 0.0 7.55809007679E-7 2.56E-9
m 619 6530 1644 921 0 276 294440.544273 2944405.44273 0.0 2.47766090824E-6 2.56E-9
m 4634 12 8543 5081 0 242 307529.457351 3075294.57351 0.0 3.34380770166E-6 2.56E-9
m 8472 5401 8450 5480 0 359 4228.98128776 42289.8128776 4.74584904327E-8 4.74584904327E-8 2.56E-9
m 1519 1025 1396 1133 0 23 14143.2427275 141432.427275 0.0 1.42552285135E-7 2.56E-9
m 44 3693 6133 8207 0 182 161134.626042 1611346.26042 1.35475090035E-6 1.35475090035E-6 2.56E-9
m 7219 7479 7279 7423 0 314 134043.912778 1340439.12778 0.0 1.49293326216E-6 2.56E-9
m 752 6737 8472 3211 0 158 16182.3031524 161823.031524 0.0 1.59271650924E-7 2.56E-9
m 1978 7929 8259 2592 0 66 63056.4273135 630564.273135 5.21106800846E-7 5.21106800846E-7 2.56E-9
m 424 2443 799 1808 0 136 103150.467985 1031504.67985 0.0 9.45802876262E-7 2.56E-9
m 3492 8535 211 5637 0 83 172666.770773 1726667.70773 7.427089042716294E-7 1.42479180155E-6 2.56E-9
m 3252 8482 3331 8501 0 189 119403.09547 1194030.9547 2.45504620458384E-7 1.18412952008E-6 2.56E-9
m 4143 3 2937 223 0 89 58425.9891422 584259.891422 5.26679975549E-7 5.26679975549E-7 2.56E-9
m 1709 7742 498 2296 0 288 93660.7500919 936607.500919 9.33162145959E-7 9.33162145959E-7 2.56E-9
m 847 6871 1456 7534 0 161 43225.2824839 432252.824839 4.17283814152E-7 4.17283814152E-7 2.56E-9
m 8557 3612 8543 3531 0 337 51307.5796985 513075.796985 0.0 4.20060939686E-7 2.56E-9
m 619 2082 577 2153 0 132 122273.008328 1222730.08328 1.42361475128E-6 1.42361475128E-6 2.56E-9
m 2708 8304 2048 640 0 71 356996.785723 3569967.85723 2.76796356699912E-7 4.26643863259E-6 2.56E-9
m 2407 441 8349 2820 0 366 16202.1397172 162021.397172 1.6199615857E-7 1.6199615857E-7 2.56E-9
m 6635 7929 6771 7838 0 309 71238.4007297 712384.007297 7.62688238019E-7 7.62688238019E-7 2.56E-9
m 4716 19 6771 774 0 241 64509.8336488 645098.336488 0.0 5.318822669E-7 2.56E-9
m 1457 1078 8403 2975 0 148 35229.4939609 352294.939609 0.0 3.01388200386E-7 2.56E-9
m 324 5945 1395 7479 0 281 294859.022305 2948590.22305 3.19838136178E-6 3.19838136178E-6 2.56E-9
m 141 5401 163 5480 0 46 84509.5802125 845095.802125 0.0 9.10198764934E-7 2.56E-9
g 7760 64 9232 480 0 0
m 16 3938 7033 972 0 298 395042.540873 3950425.40873 8.967547483336899E-7 3.8497916619E-6 2.56E-9
m 4225 8612 10 4019 0 98 59996.141869 599961.41869 0.0 4.8224899949E-7 2.56E-9
m 619 6530 7995 6530 0 277 17637.1364553 176371.364553 1.81824956869E-7 1.81824956869E-7 2.56E-9
m 3897 19 7096 1025 0 15 44093.8984908 440938.984908 3.95615316934E-7 3.95615316934E-7 2.56E-9
m 5122 77 6904 871 0 370 265007.564012 2650075.64012 2.059331962313119E-6 2.67191500299E-6 2.56E-9
m 3897 8593 6424 556 0 198 59722.5935846 597225.935846 5.053651386017805E-7 6.96084117343E-7 2.56E-9
m 3979 8600 2262 8096 0 92 183271.879641 1832718.79641 0.0 1.98836957174E-6 2.56E-9
m 8472 5401 5041 63 0 358 80729.8990213 807298.990213 0.0 7.5058542916E-7 2.56E-9
m 3816 28 8609 4101 0 16 417512.663354 4175126.63354 4.11491812702505E-6 4.52657594568E-6 2.56E-9
m 4716 19 4634 12 0 239 88003.4021045 880034.021045 0.0 8.51244525217E-7 2.56E-9
m 7219 7479 7338 7366 0 315 82966.3038878 829663.038878 4.447418400772653E-7 7.92101178657E-7 2.56E-9
m 4471 3 3331 111 0 120 20979.792985 209797.92985 2.18353965937E-7 2.18353965937E-7 2.56E-9
m 389 6095 577 6460 0 275 8614.45679525 86144.5679525 7.07270736534E-8 7.07270736534E-8 2.56E-9
m 2937 8389 44 4919 0 78 39397.6862829 393976.862829 0.0 3.38821441931E-7 2.56E-9
m 5 4101 8077 6388 0 384 28253.9522607 282539.522607 0.0 3.15392584009E-7 2.56E-9
m 1336 1189 8290 5945 0 25 146429.993527 1464299.93527 1.28874999626E-6 1.28874999626E-6 2.56E-9
m 4308 8613 4388 8612 0 1 186082.874503 1860828.74503 1.79100873525E-6 1.79100873525E-6 2.56E-9
m 1218 7308 1276 7366 0 59 102887.115075 1028871.15075 1.23430583878E-6 1.23430583878E-6 2.56E-9
m 6353 517 5282 8501 0 367 218119.210311 2181192.10311 1.599520975189397E-6 1.86017139246E-6 2.56E-9
m 5831 8334 5907 8304 0 302 183345.853184 1833458.53184 0.0 2.00243020771E-6 2.56E-9
m 1709 871 1644 921 0 129 21804.4071965 218044.071965 2.41665336838E-7 2.41665336838E-7 2.56E-9
m 163 5480 2 4183 0 47 128464.650893 1284646.50893 0.0 1.5158752979E-6 2.56E-9
m 8036 6460 8077 6388 0 322 51924.2456417 519242.456417 0.0 4.24086473145E-7 2.56E-9
m 3411 94 8153 6243 0 361 29966.8518486 299668.518486 3.57192283503E-7 3.57192283503E-7 2.56E-9
m 237 2898 4225 0 0 32 10761.6150748 107616.150748 9.61528459301E-8 9.61528459301E-8 2.56E-9
m 7862 6737 8403 5637 0 206 13111.7693624 131117.693624 0.0 1.52448293887E-7 2.56E-9
m 5441 152 5122 77 0 357 188295.960562 1882959.60562 1.73779585126E-6 1.73779585126E-6 2.56E-9
m 498 6316 8528 5162 0 153 372627.572981 3726275.72981 4.42884349488E-6 4.42884349488E-6 2.56E-9
m 8581 3775 8570 3693 0 215 219107.169156 2191071.69156 2.61313626377E-6 2.61313626377E-6 2.56E-9
m 6058 372 5441 152 0 356 306461.163179 3064611.63179 2.3381151914100925E-6 2.98430189343E-6 2.56E-9
m 3979 8600 86 3451 0 91 72297.6342865 722976.342865 6.22565655234E-7 6.22565655234E-7 2.56E-9
m 356 2592 8322 2744 0 257 58559.1966432 585591.966432 5.772308832677729E-7 6.1599697429E-7 2.56E-9
r 86 5162 5362 8482 0 399 100.0
m 6838 822 8604 4019 0 350 127298.743084 1272987.43084 0.0 1.06632027857E-6 2.56E-9
m 3331 8501 460 2369 0 192 385562.40539 3855624.0539 3.59221539785475E-7 3.95474176625E-6 2.56E-9
m 141 5401 86 5162 0 44 133506.481055 1335064.81055 1.46728812797E-6 1.46728812797E-6 2.56E-9
m 8492 5322 8528 5162 0 208 98686.7319653 986867.319653 0.0 8.85012312412E-7 2.56E-9
m 6280 478 6207 8171 0 295 132567.805473 1325678.05473 0.0 1.48754407637E-6 2.56E-9
m 7995 2082 7952 2012 0 344 93142.0737591 931420.737591 3.611554139196391E-7 9.3371677204E-7 2.56E-9
m 2480 406 7395 7308 0 245 249296.609909 2492966.09909 0.0 2.02046889415E-6 2.56E-9
m 7096 7588 7158 7534 0 313 10574.3539522 105743.539522 9.32774760419E-8 9.32774760419E-8 2.56E-9
m 103 3371 999 1548 0 260 120836.198672 1208361.98672 1.42861864335E-6 1.42861864335E-6 2.56E-9
m 2049 7973 7952 6600 0 68 32178.5424949 321785.424949 0.0 2.80065790658E-7 2.56E-9
m 121 5322 4879 38 0 42 13919.0991286 139190.991286 0.0 1.41716931796E-7 2.56E-9
m 141 5401 8528 3451 0 45 149541.656115 1495416.56115 0.0 1.22667614948E-6 2.56E-9
m 56 5000 7767 1742 0 267 21637.6752328 216376.752328 0.0 2.20302477149E-7 2.56E-9
m 2782 8334 6207 441 0 74 52342.5685328 523425.685328 0.0 5.60027106682E-7 2.56E-9
m 6133 8207 6207 8171 0 304 45324.9633199 453249.633199 3.74821586685E-7 3.74821586685E-7 2.56E-9
m 6058 372 5677 223 0 355 28248.5032751 282485.032751 0.0 3.26563589938E-7 2.56E-9
m 6058 8241 211 5637 0 391 53891.8616738 538918.616738 0.0 4.37047645707E-7 2.56E-9
m 1978 7929 947 1612 0 65 25251.1690579 252511.690579 0.0 2.06464129224E-7 2.56E-9
m 2408 8171 5202 8519 0 174 80948.2491389 809482.491389 0.0 8.55096706551E-7 2.56E-9
m 7815 1808 6969 7692 0 226 116706.850209 1167068.50209 2.3028200071199552E-8 1.10276994018E-6 2.56E-9
m 3093 8439 3172 8461 0 184 295678.282821 2956782.82821 2.092135936138652E-6 3.07609369868E-6 2.56E-9
m 1052 7127 1163 1364 0 53 107616.42138 1076164.2138 0.0 1.23852394179E-6 2.56E-9
m 3572 63 2119 8015 0 170 209599.436802 2095994.36802 7.081849630984515E-7 1.95112190164E-6 2.56E-9
m 2261 517 2189 556 0 125 7651.52236508 76515.2236508 0.0 6.9670488215E-8 2.56E-9
m 324 2668 7907 6669 0 258 6749.830324 67498.30324 7.79037316592E-8 7.79037316592E-8 2.56E-9
m 5520 174 70 3531 0 265 24793.1073146 247931.073146 0.0 2.90038799591E-7 2.56E-9
m 2482 8207 6058 372 0 296 119055.96543 1190559.6543 9.654080252591227E-7 1.2476955075E-6 2.56E-9
r 324 5945 662 6600 0 397 100.0
m 5123 8535 5202 8519 0 8 133238.50938 1332385.0938 9.744646028106642E-7 1.21769129119E-6 2.56E-9
m 8581 4838 8590 4756 0 331 374348.687665 3743486.87665 2.9831463525683158E-6 3.1633690152E-6 2.56E-9
m 5043 8550 3172 8461 0 195 29704.9752838 297049.752838 0.0 2.63169598589E-7 2.56E-9
m 4798 28 7667 1612 0 237 17022.345925 170223.45925 0.0 1.88180634105E-7 2.56E-9
m 293 2744 3979 12 0 139 144283.450071 1442834.50071 0.0 1.51678231067E-6 2.56E-9
m 24 4756 4389 0 0 145 182156.527809 1821565.27809 1.68522586667E-6 1.68522586667E-6 2.56E-9
m 7338 1246 7158 1078 0 108 235967.513787 2359675.13787 2.145116741183414E-6 2.39385327206E-6 2.56E-9
m 2557 8241 7158 1078 0 177 76003.6101613 760036.101613 2.5077637035830027E-7 7.64771943375E-7 2.56E-9
m 5043 8550 4962 8563 0 193 3880.43784444 38804.3784444 3.37719090704E-8 3.37719090704E-8 2.56E-9
m 7507 7188 7615 7064 0 318 244735.460028 2447354.60028 0.0 2.19117096478E-6 2.56E-9
m 6424 8056 6496 8015 0 306 13525.3186704 135253.186704 0.0 1.41082106002E-7 2.56E-9
m 4307 0 4143 3 0 11 323729.015467 3237290.15467 1.73198051534623E-6 3.20869706123E-6 2.56E-9
m 6771 774 8612 4429 0 294 149376.930294 1493769.30294 0.0 1.70435940543E-6 2.56E-9
m 1276 7366 2118 597 0 62 38349.6968273 383496.968273 4.29877449024E-7 4.29877449024E-7 2.56E-9
m 498 6316 5831 8334 0 154 47000.4657327 470004.657327 0.0 5.32196991281E-7 2.56E-9
m 186 5559 6133 8207 0 49 136385.779828 1363857.79828 1.16295225568E-6 1.16295225568E-6 2.56E-9
m 6635 683 7907 1943 0 375 319041.772991 3190417.72991 9.248299659875548E-7 3.35240693778E-6 2.56E-9
m 1910 728 8117 2296 0 248 129680.40492 1296804.0492 0.0 1.17589453477E-6 2.56E-9
m 3734 8575 7452 1364 0 88 120444.19555 1204441.9555 6.727357029814708E-7 1.28015870342E-6 2.56E-9
m 4061 8606 4799 8585 0 94 63286.603699 632866.03699 0.0 6.46623440578E-7 2.56E-9
m 8570 3693 8077 6388 0 270 50027.8427528 500278.427528 5.98970631301E-7 5.98970631301E-7 2.56E-9
m 5 4511 847 1742 0 165 283615.524314 2836155.24314 2.36321638118E-6 2.36321638118E-6 2.56E-9
m 1581 7640 1644 7692 0 163 58040.4386415 580404.386415 6.63171203644E-7 6.63171203644E-7 2.56E-9
m 7907 6669 5041 63 0 378 25770.2603177 257702.603177 2.583398579E-7 2.583398579E-7 2.56E-9
m 5043 8550 8155 2369 0 194 25290.6751751 252906.751751 1.3088416871862765E-7 2.15143898354E-7 2.56E-9
m 752 1875 498 2296 0 376 211405.463682 2114054.63682 9.210391768333076E-8 2.02199673833E-6 2.56E-9
m 1335 7423 8590 3856 0 287 23954.9944909 239549.944909 2.20088004511E-7 2.20088004511E-7 2.56E-9
m 424 6170 7767 1742 0 278 181026.237922 1810262.37922 0.0 1.54071357016E-6 2.56E-9
m 356 2592 2555 372 0 256 225486.52095 2254865.2095 4.230052706306674E-8 2.17375930743E-6 2.56E-9
m 1842 774 1775 822 0 249 76998.3670491 769983.670491 6.61133741652E-7 6.61133741652E-7 2.56E-9
m 141 3211 121 3291 0 39 61719.2569189 617192.569189 0.0 5.13875267236E-7 2.56E-9
m 5202 94 2937 223 0 389 92525.1549155 925251.549155 9.80027472253E-7 9.80027472253E-7 2.56E-9
m 1842 7838 8492 3291 0 168 31128.6682678 311286.682678 8.724901675955978E-8 3.54220643485E-7 2.56E-9
m 3331 8501 8570 4919 0 191 228076.867762 2280768.67762 5.604225202390502E-7 2.38235657722E-6 2.56E-9
m 1218 7308 44 3693 0 58 140887.357674 1408873.57674 0.0 1.33499966798E-6 2.56E-9
m 141 3211 5983 8273 0 38 94518.6979903 945186.979903 0.0 8.95361390131E-7 2.56E-9
m 163 3132 7815 6804 0 36 28402.2397125 284022.397125 0.0 3.22967156096E-7 2.56E-9
m 1052 7127 8153 6243 0 52 23200.6613725 232006.613725 0.0 2.46359818917E-7 2.56E-9
m 7667 7001 7717 6936 0 319 35744.6555071 357446.555071 0.0 2.86796584028E-7 2.56E-9
m 4307 0 4225 0 0 10 227967.41637 2279674.1637 9.41157492973253E-7 2.50402972675E-6 2.56E-9
m 6838 7790 5907 8304 0 311 87034.3572496 870343.572496 8.6746051951E-7 8.6746051951E-7 2.56E-9
m 8078 2224 7767 1742 0 103 130273.447326 1302734.47326 1.5031033197E-6 1.5031033197E-6 2.56E-9
m 8377 5715 8609 4511 0 346 157172.897446 1571728.97446 1.1490775214143827E-6 1.3291644013E-6 2.56E-9
m 847 6871 56 5000 0 160 86512.4215772 865124.215772 0.0 7.76861332049E-7 2.56E-9
m 1457 1078 86 5162 0 147 128257.082627 1282570.82627 1.48724640074E-6 1.48724640074E-6 2.56E-9
m 706 6669 752 6737 0 155 106895.97038 1068959.7038 0.0 1.01581000798E-6 2.56E-9
m 237 5715 7562 1486 0 271 129284.234555 1292842.34555 1.05853012803E-6 1.05853012803E-6 2.56E-9
m 8581 4838 8609 4511 0 332 217134.612225 2171346.12225 1.5840033156104013E-7 2.08764431718E-6 2.56E-9
m 5754 250 6353 8096 0 134 134658.28297 1346582.8297 0.0 1.45413120567E-6 2.56E-9
m 44 3693 6904 7742 0 180 48394.3941205 483943.941205 4.14242679265E-7 4.14242679265E-7 2.56E-9
m 3411 8519 10 4593 0 81 125344.602822 1253446.02822 6.311316133070893E-7 1.03399756003E-6 2.56E-9
m 1052 7127 1106 7188 0 55 135871.518981 1358715.18981 0.0 1.32727976509E-6 2.56E-9
m 10 4593 16 4675 0 266 89054.7280579 890547.280579 5.515969935479893E-7 8.40560766101E-7 2.56E-9
m 1518 7588 947 7001 0 284 13443.088482 134430.88482 1.31289335973E-7 1.31289335973E-7 2.56E-9
m 86 5162 8511 3371 0 179 67315.4298142 673154.298142 0.0 6.7661112853E-7 2.56E-9
m 1910 7884 7562 7127 0 64 38517.0150576 385170.150576 0.0 3.28277900351E-7 2.56E-9
m 7338 1246 7219 1133 0 107 10337.8100937 103378.100937 1.11925284076E-7 1.11925284076E-7 2.56E-9
m 8511 5242 7096 7588 0 252 178859.93227 1788599.3227 1.4760443174E-6 1.4760443174E-6 2.56E-9
m 5282 111 5202 94 0 115 5846.5688363 58465.688363 5.29929072843E-8 5.29929072843E-8 2.56E-9
m 5983 339 5907 308 0 112 62012.0494173 620120.494173 7.252415168492925E-7 7.39807974855E-7 2.56E-9
m 5907 8304 6133 406 0 353 19635.4586622 196354.586622 1.92643029743E-7 1.92643029743E-7 2.56E-9
m 3492 77 4388 8612 0 360 156953.915615 1569539.15615 0.0 1.66456104567E-6 2.56E-9
m 3411 8519 8191 2443 0 80 1769.44150552 17694.4150552 0.0 1.43478735803E-8 2.56E-9
m 8492 5322 8511 5242 0 207 20825.4414665 208254.414665 2.29679882005E-7 2.29679882005E-7 2.56E-9
m 7279 1189 8320 5869 0 227 40595.318941 405953.18941 0.0 4.05077093491E-7 2.56E-9
m 5599 8415 8543 5081 0 329 159497.254108 1594972.54108 3.516122582870859E-8 1.84979700658E-6 2.56E-9
m 8117 2296 6566 7973 0 343 107113.471777 1071134.71777 0.0 1.00212653907E-6 2.56E-9
m 3734 38 8322 2744 0 273 376922.770781 3769227.70781 5.400136100917862E-7 3.11518833851E-6 2.56E-9
m 1580 972 1519 1025 0 20 20228.1563983 202281.563983 0.0 1.89726345984E-7 2.56E-9
m 8557 5000 8349 5792 0 210 88625.3541379 886253.541379 0.0 1.02937924508E-6 2.56E-9
m 4225 8612 33 3775 0 97 55360.0835034 553600.835034 3.5473781437306094E-8 6.04589082818E-7 2.56E-9
m 163 3132 7717 1676 0 37 159494.24491 1594942.4491 1.71729772673E-6 1.71729772673E-6 2.56E-9
m 4225 8612 2482 8207 0 99 124798.346207 1247983.46207 8.893227667304285E-7 1.48636648158E-6 2.56E-9
m 4962 8563 7615 7064 0 349 12231.8303475 122318.303475 1.28097905306E-7 1.28097905306E-7 2.56E-9
m 56 3612 16 3938 0 142 240590.087459 2405900.87459 0.0 2.15514065123E-6 2.56E-9
m 7395 7308 7452 7248 0 316 104675.863244 1046758.63244 1.20578692246E-6 1.20578692246E-6 2.56E-9
m 8403 5637 5831 278 0 233 317401.440592 3174014.40592 0.0 3.52224254918E-6 2.56E-9
m 7815 6804 7862 6737 0 200 9412.93085279 94129.3085279 0.0 8.71999700524E-8 2.56E-9
m 2937 8389 4143 3 0 79 58848.7997819 588487.997819 5.10613829124E-7 5.10613829124E-7 2.56E-9
m 8258 6020 8320 5869 0 325 315612.230168 3156122.30168 3.64564144053E-6 3.64564144053E-6 2.56E-9
m 8258 6020 6904 7742 0 324 115744.559255 1157445.59255 0.0 9.36322813817E-7 2.56E-9
m 389 6095 424 6170 0 274 121218.779251 1212187.79251 0.0 1.33715740176E-6 2.56E-9
m 7033 972 8291 2668 0 380 15227.7848149 152277.848149 0.0 1.69437422746E-7 2.56E-9
m 3653 49 7219 1133 0 18 49945.6770655 499456.770655 0.0 5.37896392877E-7 2.56E-9
m 5677 8389 5754 8363 0 301 61519.0219869 615190.219869 6.40745948562E-7 6.40745948562E-7 2.56E-9
g 7752 136 7728 336 0 0
m 6424 556 6353 517 0 231 210065.654809 2100656.54809 1.6384003320910382E-6 1.88599027715E-6 2.56E-9
m 264 2820 5907 308 0 30 77786.041472 777860.41472 1.7180365139070342E-8 7.86808476057E-7 2.56E-9
m 8290 5945 6496 8015 0 205 14674.998815 146749.98815 1.24612018528E-7 1.24612018528E-7 2.56E-9
m 2 4429 5 4511 0 144 159233.056318 1592330.56318 1.67780766792E-6 1.67780766792E-6 2.56E-9
m 3653 49 3572 63 0 19 55291.4700074 552914.700074 4.43792684405E-7 4.43792684405E-7 2.56E-9
m 4308 8613 4554 8606 0 3 162010.200325 1620102.00325 0.0 1.40018679141E-6 2.56E-9
m 5520 8439 5599 8415 0 300 223788.588333 2237885.88333 4.667392388104347E-8 1.95522800682E-6 2.56E-9
m 5202 8519 8472 3211 0 247 22545.0790254 225450.790254 0.0 2.20738580961E-7 2.56E-9
m 5 4101 3172 152 0 385 28036.6272111 280366.272111 3.23032017622E-7 3.23032017622E-7 2.56E-9
m 706 1943 5520 8439 0 138 112018.38009 1120183.8009 4.429102677276588E-8 1.03135124394E-6 2.56E-9
m 7717 1676 7507 1424 0 105 19922.5008779 199225.008779 1.64274229669E-7 1.64274229669E-7 2.56E-9
m 5599 198 8598 3938 0 236 49545.5236057 495455.236057 0.0 4.82181788252E-7 2.56E-9
m 33 4838 44 4919 0 387 60038.3086382 600383.086382 5.96214152441E-7 5.96214152441E-7 2.56E-9
R 8808 3592 9616 3888 0 394 1 40.0 100.0 0.0 0.0 0.5
m 8612 4429 8612 4183 0 334 150748.532773 1507485.32773 0.0 1.76885031558E-6 2.56E-9
m 7279 1189 7279 7423 0 228 96237.7552582 962377.552582 9.63959624654E-7 9.63959624654E-7 2.56E-9
m 8427 5559 8472 5401 0 328 3347.93503956 33479.3503956 0.0 3.3877188119E-8 2.56E-9
m 8259 2592 8613 4265 0 101 69769.1816277 697691.816277 6.78572752789E-7 6.78572752789E-7 2.56E-9
m 8036 6460 8190 6170 0 323 6256.18140397 62561.8140397 0.0 5.81951037294E-8 2.56E-9
m 8613 4347 8613 4265 0 213 88010.7840743 880107.840743 0.0 1.03111868761E-6 2.56E-9
m 4798 28 7395 1305 0 238 37185.9631853 371859.631853 3.83540493866E-7 3.83540493866E-7 2.56E-9
m 4636 8600 4799 8585 0 5 21062.0933301 210620.933301 2.35076196069E-7 2.35076196069E-7 2.56E-9
m 264 5792 8557 5000 0 151 109545.695887 1095456.95887 0.0 9.15249390701E-7 2.56E-9
m 4799 8585 7562 1486 0 347 14643.1367906 146431.367906 0.0 1.29736682927E-7 2.56E-9
m 3979 12 6838 822 0 279 264611.739142 2646117.39142 3.928430257687324E-7 3.00625835219E-6 2.56E-9
m 2335 8134 7995 2082 0 173 47382.2235324 473822.235324 1.1692311851227747E-7 5.34805800891E-7 2.56E-9
m 5983 8273 6058 8241 0 303 106402.38654 1064023.8654 1.239756518677996E-7 1.27581550172E-6 2.56E-9
R 8664 416 8664 3544 0 393 1 40.0 0.01 0.0 0.0 0.5
m 1842 7838 8472 3211 0 167 34513.719231 345137.19231 2.9491732993852357E-7 3.55522844135E-7 2.56E-9
m 4636 8600 4718 8593 0 4 32695.4608138 326954.608138 0.0 3.34018762339E-7 2.56E-9
m 2048 640 6566 7973 0 368 53403.2968812 534032.968812 0.0 4.97592098726E-7 2.56E-9
m 3015 8415 33 4838 0 188 17597.7682042 175977.682042 0.0 1.66807331621E-7 2.56E-9
m 0 4265 0 4347 0 143 242675.962927 2426759.62927 2.2731022398424088E-7 2.69396866895E-6 2.56E-9
m 7952 6600 7995 6530 0 201 31945.998304 319459.98304 0.0 2.585537228E-7 2.56E-9
m 6969 921 6904 871 0 109 325679.412401 3256794.12401 6.429235408219148E-7 3.18754462906E-6 2.56E-9
m 103 3371 86 3451 0 261 31567.6819667 315676.819667 0.0 3.32421056146E-7 2.56E-9
m 3093 174 2937 223 0 364 70864.1539606 708641.539606 0.0 5.78004536721E-7 2.56E-9
m 7096 1025 6771 774 0 230 68010.2348551 680102.348551 0.0 7.82311659064E-7 2.56E-9
m 3816 8585 7219 7479 0 197 58661.4341863 586614.341863 0.0 6.05482526054E-7 2.56E-9
m 4960 49 7507 1424 0 117 76159.5743983 761595.743983 0.0 7.30680534212E-7 2.56E-9
m 8528 3451 8511 3371 0 217 63749.4743977 637494.743977 6.83540243855E-7 6.83540243855E-7 2.56E-9
m 4143 8610 5677 223 0 96 58928.3406792 589283.406792 6.3110435557E-7 6.3110435557E-7 2.56E-9
m 6566 640 6496 597 0 352 19452.2149218 194522.149218 1.97049672855E-7 1.97049672855E-7 2.56E-9
m 5 4511 7279 7423 0 164 72357.1801602 723571.801602 0.0 7.85627104569E-7 2.56E-9
m 8226 2517 8155 2369 0 222 178067.768014 1780677.68014 1.9486420285266773E-6 2.04631915715E-6 2.56E-9
m 4881 8575 5043 8550 0 7 3172.02961548 31720.2961548 0.0 2.82777216427E-8 2.56E-9
m 2782 278 8612 4429 0 244 66147.5597125 661475.597125 6.63536204857E-7 6.63536204857E-7 2.56E-9
m 3492 8535 3572 8550 0 82 56186.0383608 561860.383608 0.0 5.22844332591E-7 2.56E-9
m 1220 1305 1163 1364 0 26 20865.684133 208656.84133 1.70062192234E-7 1.70062192234E-7 2.56E-9
m 6969 7692 7033 7640 0 312 25775.1754093 257751.754093 0.0 2.23806599451E-7 2.56E-9
m 8528 3451 8427 3054 0 218 3801.8377831 38018.377831 0.0 4.11445657675E-8 2.56E-9
m 8290 5945 6424 8056 0 204 23834.957428 238349.57428 2.31151286031E-7 2.31151286031E-7 2.56E-9
m 3572 63 7907 1943 0 169 23234.8017073 232348.017073 2.20827541109E-7 2.20827541109E-7 2.56E-9
m 847 6871 577 6460 0 159 187600.093538 1876000.93538 0.0 2.10817416637E-6 2.56E-9
m 1842 774 896 1676 0 250 15704.2228436 157042.228436 0.0 1.48435993611E-7 2.56E-9
m 424 2443 7452 7248 0 137 21481.4550693 214814.550693 0.0 1.75896678686E-7 2.56E-9
m 2049 7973 7615 1548 0 67 61235.0672338 612350.672338 0.0 7.02883030778E-7 2.56E-9
m 3331 111 3015 198 0 121 8111.52825953 81115.2825953 7.26306389044E-8 7.26306389044E-8 2.56E-9
m 4061 7 3979 12 0 12 35218.549489 352185.49489 3.80018798216E-7 3.80018798216E-7 2.56E-9
m 141 3211 103 5242 0 40 47024.724986 470247.24986 5.6039009781E-7 5.6039009781E-7 2.56E-9
m 4471 3 4389 0 0 119 123726.668081 1237266.68081 0.0 1.40827488623E-6 2.56E-9
m 3572 8550 16 4675 0 84 233532.901452 2335329.01452 5.203015595397867E-7 2.52623494027E-6 2.56E-9
m 7717 1676 7338 1246 0 106 280344.792736 2803447.92736 2.5851617817E-6 2.5851617817E-6 2.56E-9
m 2630 339 2333 478 0 124 94917.3968848 949173.968848 3.972438777197433E-8 9.74361716291E-7 2.56E-9
m 1108 1424 1277 1246 0 28 44069.9606567 440699.606567 2.5532396438400664E-7 4.84804810092E-7 2.56E-9
m 3816 8585 8190 6170 0 196 52299.0217722 522990.217722 5.84649239871E-7 5.84649239871E-7 2.56E-9
m 211 2975 186 3054 0 34 162935.028936 1629350.28936 7.286016829095849E-7 1.55164544061E-6 2.56E-9
m 6704 728 6635 683 0 351 34682.4162104 346824.162104 0.0 4.02574375014E-7 2.56E-9
m 6496 8015 8570 4919 0 330 104800.448934 1048004.48934 4.927011793566064E-7 1.08255791975E-6 2.56E-9
m 324 5945 7395 7308 0 282 138353.600494 1383536.00494 1.65915547359E-6 1.65915547359E-6 2.56E-9
m 8492 3291 8472 3211 0 338 15386.4081872 153864.081872 1.35773698239E-7 1.35773698239E-7 2.56E-9
m 1775 7790 1644 7692 0 166 50485.7611708 504857.611708 0.0 4.10999748498E-7 2.56E-9
m 1709 7742 6635 7929 0 290 2329.62957192 23296.2957192 1.87928492248E-8 1.87928492248E-8 2.56E-9
m 1709 871 6704 728 0 130 86454.3830359 864543.830359 0.0 8.63315247474E-7 2.56E-9
m 8116 6316 8153 6243 0 202 108878.63856 1088786.3856 0.0 8.93630289108E-7 2.56E-9
m 8598 4675 8604 4593 0 211 70154.4330204 701544.330204 5.398236020904374E-7 8.22644760655E-7 2.56E-9
m 121 5322 4553 7 0 43 138760.07694 1387600.7694 1.39042848471E-6 1.39042848471E-6 2.56E-9
m 1581 7640 8450 5480 0 162 80223.6251687 802236.251687 0.0 9.56610678371E-7 2.56E-9
m 237 5715 6207 8171 0 272 88350.0893181 883500.893181 0.0 9.88152081537E-7 2.56E-9
m 324 5945 1335 7423 0 280 379473.470464 3794734.70464 4.35068925333E-6 4.35068925333E-6 2.56E-9
m 619 2082 5754 250 0 133 99802.5244799 998025.244799 0.0 1.02070470991E-6 2.56E-9
m 7717 6936 7907 6669 0 321 422100.816391 4221008.16391 0.0 4.11386209873E-6 2.56E-9
m 1336 1189 1277 1246 0 24 261406.071459 2614060.71459 6.560229689453084E-8 2.28549382954E-6 2.56E-9
m 7995 2082 7862 1875 0 345 20056.1246578 200561.246578 8.403027086823129E-8 1.61569817515E-7 2.56E-9
m 8116 6316 8224 6095 0 203 66067.7902874 660677.902874 7.39883074853E-7 7.39883074853E-7 2.56E-9
m 1519 1025 8036 6460 0 22 14288.7158886 142887.158886 0.0 1.386410077E-7 2.56E-9
m 1910 7884 7862 1875 0 63 80719.4733694 807194.733694 7.49335761385E-7 7.49335761385E-7 2.56E-9
m 211 2975 1978 683 0 35 58579.2531547 585792.531547 0.0 5.35907018787E-7 2.56E-9
m 2048 640 1978 683 0 369 97878.5512608 978785.512608 5.159051899550662E-7 1.08895908579E-6 2.56E-9
m 2049 7973 8450 3132 0 69 142516.169734 1425161.69734 1.2501575579E-6 1.2501575579E-6 2.56E-9
m 4308 8613 4472 8610 0 2 120382.101844 1203821.01844 3.398494491581621E-7 1.26025282713E-6 2.56E-9
m 5599 198 5520 174 0 234 65458.9574843 654589.574843 0.0 6.84108326312E-7 2.56E-9
m 186 5559 7767 6871 0 48 286739.912456 2867399.12456 0.0 2.83737647369E-6 2.56E-9
m 8511 5242 3492 77 0 253 132989.958493 1329899.58493 0.0 1.45533480439E-6 2.56E-9
m 8557 5000 6424 8056 0 209 110690.892299 1106908.92299 1.02074518832E-6 1.02074518832E-6 2.56E-9
m 2190 8056 8155 2369 0 292 27322.906655 273229.06655 1.0431488302499918E-9 2.38483964384E-7 2.56E-9
m 8376 2898 7033 7640 0 340 104127.424539 1041274.24539 1.0145538316712545E-6 1.0471270672E-6 2.56E-9
m 1053 1486 0 4265 0 70 3763.87213186 37638.7213186 0.0 4.16151026E-8 2.56E-9
m 8492 3291 8450 3132 0 339 173289.760513 1732897.60513 0.0 1.4021239741E-6 2.56E-9
m 2859 8363 2632 8273 0 75 2296.19291303 22961.9291303 2.20632267429E-8 2.20632267429E-8 2.56E-9
m 1052 7127 5677 8389 0 54 160735.414216 1607354.14216 1.89094757865E-6 1.89094757865E-6 2.56E-9
m 1276 7366 8258 6020 0 61 27817.5529587 278175.529587 3.12397834493E-7 3.12397834493E-7 2.56E-9
m 999 7064 5831 278 0 187 122173.461015 1221734.61015 1.10997853692E-6 1.10997853692E-6 2.56E-9
m 324 2668 6771 7838 0 259 5032.50239993 50325.0239993 0.0 5.45254402065E-8 2.56E-9
m 1162 7248 8557 3612 0 57 3551.67606673 35516.7606673 0.0 3.32102835376E-8 2.56E-9
m 3252 8482 6566 640 0 190 49007.382102 490073.82102 4.11030317955E-7 4.11030317955E-7 2.56E-9
m 7907 1943 389 2517 0 377 201073.544289 2010735.44289 1.0523027687291962E-6 2.3564553403E-6 2.56E-9
m 4143 8610 103 5242 0 95 192387.959071 1923879.59071 3.9398769825411E-7 2.14892486357E-6 2.56E-9
m 24 4756 8320 5869 0 146 16197.592061 161975.92061 0.0 1.67653404817E-7 2.56E-9
m 4061 8606 2 4429 0 93 73081.9322916 730819.322916 7.99187316492E-7 7.99187316492E-7 2.56E-9
m 2119 8015 389 2517 0 291 9182.20284525 91822.0284525 3.6145279159650686E-8 8.50410119848E-8 2.56E-9
m 8322 2744 8291 2668 0 342 271534.617381 2715346.17381 4.026792063804238E-7 2.73457293572E-6 2.56E-9
m 33 3775 24 3856 0 262 21761.4418345 217614.418345 0.0 2.26655988919E-7 2.56E-9
m 70 5081 8511 3371 0 269 103432.320937 1034323.20937 8.81156333714E-7 8.81156333714E-7 2.56E-9
m 8528 3451 8403 2975 0 219 4373.43783689 43734.3783689 0.0 4.09932024153E-8 2.56E-9
m 4061 7 7219 7479 0 13 247777.365698 2477773.65698 0.0 2.31591716955E-6 2.56E-9
m 7452 1364 7395 1305 0 348 67439.3447657 674393.447657 0.0 6.40749568836E-7 2.56E-9
m 799 1808 752 1875 0 372 85287.7573904 852877.573904 0.0 9.57228381692E-7 2.56E-9
m 1108 1424 1053 1486 0 29 73065.3095694 730653.095694 2.1994956423052662E-7 8.38598903571E-7 2.56E-9
m 6566 7973 8570 4919 0 390 63027.0386087 630270.386087 5.338897666213975E-7 5.85637251615E-7 2.56E-9
m 7615 1548 6058 372 0 354 41943.5198042 419435.198042 6.198282607850771E-9 4.81428029962E-7 2.56E-9
m 2118 597 6133 406 0 246 103045.780588 1030457.80588 9.1392159708E-7 9.1392159708E-7 2.56E-9
m 8612 4429 8543 5081 0 333 252766.809106 2527668.09106 2.30218973375E-6 2.30218973375E-6 2.56E-9
m 1644 921 662 2012 0 374 50785.589658 507855.89658 5.47688543098E-7 5.47688543098E-7 2.56E-9
m 121 3291 662 2012 0 381 149952.304363 1499523.04363 0.0 1.6901839662E-6 2.56E-9
m 3252 131 3172 152 0 362 200798.236106 2007982.36106 1.6887825462906185E-6 2.34105447393E-6 2.56E-9
m 1335 7423 1709 7742 0 286 22948.4797978 229484.797978 2.4830311387E-7 2.4830311387E-7 2.56E-9
m 7907 6669 6771 7838 0 379 6897.50556822 68975.0556822 0.0 6.62664940775E-8 2.56E-9
m 2859 250 2782 278 0 243 274753.594123 2747535.94123 2.0539227089885892E-6 2.72736884786E-6 2.56E-9
m 896 1676 847 1742 0 251 28551.8348188 285518.348188 0.0 2.60527541131E-7 2.56E-9
m 1106 7188 2632 8273 0 178 16324.9187439 163249.187439 0.0 1.7226955681E-7 2.56E-9
m 577 2153 3252 131 0 150 119931.813718 1199318.13718 1.23611106592E-6 1.23611106592E-6 2.56E-9
m 6969 921 6207 441 0 111 43546.7213355 435467.213355 3.86719020144E-7 3.86719020144E-7 2.56E-9
m 8349 5792 8377 5715 0 326 41026.970843 410269.70843 3.46872303452E-7 3.46872303452E-7 2.56E-9
m 537 2224 8258 6020 0 254 253876.153742 2538761.53742 1.4601688827874526E-6 2.56568390173E-6 2.56E-9
m 5123 8535 5282 8501 0 9 17756.9420755 177569.420755 9.640872912900153E-8 1.80843873048E-7 2.56E-9
m 8609 4101 8604 4019 0 335 185547.320309 1855473.20309 1.325530525326371E-6 1.51122821483E-6 2.56E-9
m 3093 174 3172 152 0 365 21896.0392449 218960.392449 0.0 2.01659848013E-7 2.56E-9
m 293 2744 56 3612 0 140 273143.631137 2731436.31137 0.0 2.6752288619E-6 2.56E-9
m 6704 7884 8590 3856 0 336 9593.55265565 95935.5265565 0.0 7.6886978262E-8 2.56E-9
m 264 2820 7096 7588 0 31 147270.914076 1472709.14076 6.037394108810376E-7 1.75813350538E-6 2.56E-9
m 7096 1025 7033 972 0 229 59799.9757466 597999.757466 6.65427043875E-7 6.65427043875E-7 2.56E-9
m 5362 131 5202 94 0 299 17252.3258656 172523.258656 1.74778554831E-7 1.74778554831E-7 2.56E-9
m 7507 7188 7562 7127 0 317 127508.56654 1275085.6654 1.35119327458E-6 1.35119327458E-6 2.56E-9
m 706 6669 6280 8134 0 156 125195.087289 1251950.87289 1.14811179338E-6 1.14811179338E-6 2.56E-9
m 3653 8563 1910 728 0 86 198564.454516 1985644.54516 2.276749422041707E-7 1.62511485129E-6 2.56E-9
m 5983 339 5754 250 0 113 109579.795517 1095797.95517 2.7664976826414546E-7 1.07444019778E-6 2.56E-9
m 186 3054 7952 2012 0 297 137398.947919 1373989.47919 8.257006439836739E-7 1.52970652402E-6 2.56E-9
m 1456 7534 8612 4183 0 186 14604.8966656 146048.966656 1.51766236285E-7 1.51766236285E-7 2.56E-9
m 3897 8593 8612 4183 0 199 345555.448231 3455554.48231 1.9837103800323363E-7 3.87218661046E-6 2.56E-9
m 2261 517 3252 131 0 127 39018.7730385 390187.730385 4.51884543923E-7 4.51884543923E-7 2.56E-9
m 4718 8593 6280 478 0 232 55532.6021653 555326.021653 0.0 4.5347271118E-7 2.56E-9
w 5362 8482 7440 -64 0 0
w 460 6243 7760 64 0 0
w 662 6600 7752 136 0 0
w 293 2744 8664 416 0 0
w 324 5945 8808 3592 0 0
o 247 64 0 35 7.62939453125E-55 1.4965776766268446 0 -1
o 34 64 0 35 7.62939453125E-55 9.134385233318143E-5 0 -1
o 100 64 0 35 7.62939453125E-55 1.8268770466636287E-4 0 -1
o 261 64 0 35 149.65776766268445 1.4965776766268446 0 -1

