$ 1 1.0E-6 22.512744558455275 43 2.0 50
m 439 319 399 169 0 54 27431.4059074 274314.059074 9.036022145889246E-8 2.57600558024E-7 2.56E-9
m 479 229 419 279 0 143 74837.3282734 748373.282734 0.0 8.48992699355E-7 2.56E-9
m 549 529 649 419 0 212 63166.2880301 631662.880301 0.0 5.22915062957E-7 2.56E-9
m 529 229 589 359 0 92 176013.073327 1760130.73327 0.0 1.98091501103E-6 2.56E-9
r 709 499 679 379 0 302 100.0
r 699 249 659 339 0 261 359434.927381
m 389 319 529 389 0 150 70370.2571966 703702.571966 6.109135774E-7 6.109135774E-7 2.56E-9
g 952 -136 952 -64 0 0
m 229 259 297 309 0 156 27494.7545443 274947.545443 2.37227803114E-7 2.37227803114E-7 2.56E-9
g 1048 56 1048 136 0 0
m 659 339 589 359 0 263 86852.1632614 868521.632614 9.449963131632885E-8 9.20020514246E-7 2.56E-9
m 489 499 308 569 0 166 136682.31238 1366823.1238 3.3572154888040106E-7 1.54400237647E-6 2.56E-9
m 737 389 867 389 0 246 43063.4679495 430634.679495 0.0 4.13565870818E-7 2.56E-9
m 439 369 249 329 0 130 91272.4372764 912724.372764 1.5294631829517755E-7 9.87404102778E-7 2.56E-9
m 509 139 567 219 0 36 29924.3556111 299243.556111 3.22682315878E-7 3.22682315878E-7 2.56E-9
m 389 569 417 669 0 8 75773.3130305 757733.130305 0.0 7.79593849131E-7 2.56E-9
r 559 269 589 359 0 259 206122.562403
m 439 199 229 259 0 28 132986.18709 1329861.8709 1.26609526799E-6 1.26609526799E-6 2.56E-9
m 439 369 509 279 0 224 15882.1831093 158821.831093 0.0 1.47217677798E-7 2.56E-9
m 439 239 299 149 0 281 64063.8529831 640638.529831 0.0 5.82191389382E-7 2.56E-9
m 157 219 97 119 0 243 103272.710485 1032727.10485 6.770104345308646E-7 9.82409927175E-7 2.56E-9
m 179 409 229 259 0 86 65350.2483328 653502.483328 0.0 7.24933076072E-7 2.56E-9
m 439 319 467 169 0 56 40813.3861447 408133.861447 0.0 3.7534261429E-7 2.56E-9
r 119 539 139 449 0 169 243836.796084
m 259 189 157 219 0 75 5865.20186201 58652.0186201 5.58894251774E-8 5.58894251774E-8 2.56E-9
r 459 269 329 389 0 30 240011.806795
r 179 409 79 369 0 88 225388.076614
m 369 379 479 379 0 184 146705.829518 1467058.29518 1.29590381411E-6 1.29590381411E-6 2.56E-9
m 439 199 619 279 0 29 161491.556597 1614915.56597 2.79431367648289E-7 1.39292434274E-6 2.56E-9
m 737 289 659 339 0 115 99197.4557306 991974.557306 4.1046611537874516E-7 1.16863333558E-6 2.56E-9
m 489 499 419 469 0 164 31257.5924774 312575.924774 0.0 3.03827913889E-7 2.56E-9
m 359 299 219 209 0 199 52792.9099632 527929.099632 0.0 6.05750403972E-7 2.56E-9
m 249 329 329 389 0 120 65331.4948896 653314.948896 6.69275530513E-7 6.69275530513E-7 2.56E-9
m 599 109 719 189 0 63 139636.72449 1396367.2449 8.545948661180134E-7 1.46797775815E-6 2.56E-9
m 359 299 529 309 0 215 69531.9528156 695319.528156 0.0 5.72395800962E-7 2.56E-9
m 389 319 369 379 0 149 56261.0048019 562610.048019 5.56735704261E-7 5.56735704261E-7 2.56E-9
r 549 529 609 559 0 213 219258.58114
m 337 539 427 589 0 14 79492.6574849 794926.574849 8.518559645E-7 8.518559645E-7 2.56E-9
m 399 269 399 119 0 141 61751.2380825 617512.380825 0.0 6.1853290995E-7 2.56E-9
m 449 519 469 559 0 44 48542.0725825 485420.725825 3.293048331429634E-7 5.53747991048E-7 2.56E-9
m 287 349 337 349 0 110 24305.9279093 243059.279093 2.8302400564E-7 2.8302400564E-7 2.56E-9
m 219 209 299 149 0 72 68519.0985571 685190.985571 6.43901917345E-7 6.43901917345E-7 2.56E-9
m 179 409 329 389 0 270 99699.620718 996996.20718 0.0 8.2553161791E-7 2.56E-9
r 649 519 777 589 0 241 224435.19525
m 559 429 457 469 0 190 46298.2918368 462982.918368 0.0 4.61999685575E-7 2.56E-9
r 459 269 297 309 0 31 231701.371095
m 169 609 308 569 0 163 132716.051528 1327160.51528 1.839808796831503E-7 1.59249081887E-6 2.56E-9
m 479 309 509 189 0 294 91990.7861644 919907.861644 0.0 9.84658398317E-7 2.56E-9
r 399 429 389 319 0 148 229715.624845
r 709 329 719 189 0 38 437673.691247
m 329 389 409 389 0 275 71318.849639 713188.49639 0.0 6.53628783295E-7 2.56E-9
m 779 509 667 469 0 173 60193.6287038 601936.287038 0.0 5.2399293261E-7 2.56E-9
m 337 349 329 459 0 194 14401.9647866 144019.647866 0.0 1.34049885635E-7 2.56E-9
m 529 99 567 49 0 106 44048.3567973 440483.567973 0.0 4.04158374147E-7 2.56E-9
m 379 339 439 239 0 59 23645.8953154 236458.953154 2.82867864253E-7 2.82867864253E-7 2.56E-9
r 509 139 439 139 0 37 333103.419583
m 369 239 479 379 0 154 58627.5500525 586275.500525 0.0 6.42038599282E-7 2.56E-9
m 139 449 237 449 0 171 159442.769466 1594427.69466 0.0 1.73373740615E-6 2.56E-9
m 737 289 629 239 0 116 72512.2925882 725122.925882 6.46611300577E-7 6.46611300577E-7 2.56E-9
g 1080 328 1080 408 0 0
m 509 139 439 199 0 198 64157.0912774 641570.912774 6.77751483232E-7 6.77751483232E-7 2.56E-9
m 509 279 629 379 0 283 114033.128482 1140331.28482 1.08580848307E-6 1.08580848307E-6 2.56E-9
r 129 309 249 409 0 298 100.0
m 549 169 489 339 0 144 5703.45947716 57034.5947716 2.2202681488642238E-8 6.82525176311E-8 2.56E-9
m 389 569 399 429 0 9 17201.3882575 172013.882575 0.0 1.67575153122E-7 2.56E-9
m 359 299 249 329 0 201 37029.4170506 370294.170506 3.00832889238E-7 3.00832889238E-7 2.56E-9
r 79 249 159 159 0 107 278774.229637
m 337 539 449 519 0 16 164283.228842 1642832.28842 1.32895429005E-6 1.32895429005E-6 2.56E-9
m 589 359 599 519 0 286 61007.076249 610070.76249 5.14753700041E-7 5.14753700041E-7 2.56E-9
m 237 449 389 319 0 248 42906.4039953 429064.039953 0.0 4.96996638431E-7 2.56E-9
r 229 259 209 359 0 157 321931.887298
m 329 389 479 309 0 273 13085.4568891 130854.568891 1.55372125365E-7 1.55372125365E-7 2.56E-9
r 249 99 279 239 0 300 100.0
m 457 469 529 459 0 235 158552.042347 1585520.42347 1.63203228124E-6 1.63203228124E-6 2.56E-9
m 79 249 159 369 0 108 52544.431892 525444.31892 6.25985228441E-7 6.25985228441E-7 2.56E-9
m 539 339 419 279 0 80 91789.6124198 917896.124198 8.32601061611E-7 8.32601061611E-7 2.56E-9
m 308 569 237 449 0 230 98038.8070528 980388.070528 9.62227736731E-7 9.62227736731E-7 2.56E-9
m 359 419 379 529 0 208 124007.626609 1240076.26609 1.28685706875E-6 1.28685706875E-6 2.56E-9
m 399 269 297 309 0 103 24689.8529619 246898.529619 2.35743730293E-7 2.35743730293E-7 2.56E-9
m 769 459 667 469 0 126 37007.2834236 370072.834236 7.970809506564409E-8 4.13945795473E-7 2.56E-9
m 379 339 279 239 0 60 4577.62164622 45776.2164622 0.0 4.70060917755E-8 2.56E-9
m 849 549 777 589 0 85 77300.3380867 773003.380867 3.880890169837334E-9 6.58385822465E-7 2.56E-9
m 427 589 469 559 0 98 92405.2283168 924052.283168 8.320525145413491E-7 8.84448262569E-7 2.56E-9
m 287 439 287 529 0 124 104476.292663 1044762.92663 1.07221822392E-6 1.07221822392E-6 2.56E-9
m 769 459 709 329 0 266 87771.8425465 877718.425465 3.679384570240043E-7 9.44698790359E-7 2.56E-9
m 599 519 479 379 0 186 76940.5220164 769405.220164 9.06056104044E-7 9.06056104044E-7 2.56E-9
m 567 49 509 189 0 125 27899.76683 278997.6683 0.0 3.02416087569E-7 2.56E-9
m 657 279 679 379 0 34 163722.969701 1637229.69701 4.2184691929497634E-7 1.47425500891E-6 2.56E-9
m 439 319 439 199 0 55 12643.640469 126436.40469 0.0 1.51452034639E-7 2.56E-9
m 139 449 249 409 0 131 180110.189821 1801101.89821 0.0 2.10779362082E-6 2.56E-9
m 609 329 679 199 0 221 144468.26778 1444682.6778 3.5888646628856967E-7 1.39183422073E-6 2.56E-9
m 337 349 419 279 0 195 117375.188971 1173751.88971 1.05757301366E-6 1.05757301366E-6 2.56E-9
m 399 269 449 429 0 140 67954.7698209 679547.698209 0.0 6.17134284804E-7 2.56E-9
m 529 459 527 619 0 237 185215.963202 1852159.63202 0.0 1.70206706074E-6 2.56E-9
r 119 539 179 409 0 170 305711.475951
m 179 409 249 409 0 87 48133.2569005 481332.569005 0.0 4.72383500366E-7 2.56E-9
r 679 379 649 519 0 3 392544.0926
m 389 319 489 339 0 152 62111.3148399 621113.148399 0.0 5.11840001966E-7 2.56E-9
m 399 169 439 139 0 77 23647.4632575 236474.632575 0.0 1.90329511519E-7 2.56E-9
m 427 589 329 459 0 97 56986.3602883 569863.602883 5.37096594116E-7 5.37096594116E-7 2.56E-9
r 399 119 349 169 0 175 215211.63327
m 399 269 399 229 0 102 24842.0404349 248420.404349 2.71261547704E-7 2.71261547704E-7 2.56E-9
m 379 339 267 279 0 57 14207.9146758 142079.146758 0.0 1.35721287869E-7 2.56E-9
r 387 479 487 429 0 278 254474.986172
r 379 529 257 579 0 210 357263.550683
m 609 329 667 469 0 220 60266.333303 602663.33303 5.45958027724E-7 5.45958027724E-7 2.56E-9
m 579 309 567 219 0 226 167142.494014 1671424.94014 6.845196178054295E-8 1.65102957093E-6 2.56E-9
m 529 229 629 239 0 90 62322.0130599 623220.130599 0.0 6.00136630255E-7 2.56E-9
r 579 309 619 189 0 227 309854.672061
m 527 619 469 559 0 249 34220.143092 342201.43092 0.0 3.51480806641E-7 2.56E-9
m 329 459 439 319 0 99 38895.156199 388951.56199 0.0 3.83650642523E-7 2.56E-9
r 617 469 517 559 0 18 290764.061738
m 559 429 489 499 0 189 104514.556231 1045145.56231 1.10988117382E-6 1.10988117382E-6 2.56E-9
m 389 319 359 299 0 151 115623.491592 1156234.91592 3.319103178424917E-7 1.21059169654E-6 2.56E-9
m 619 189 509 279 0 282 48730.1865896 487301.865896 5.81933582707E-7 5.81933582707E-7 2.56E-9
m 439 139 467 169 0 196 29454.6258324 294546.258324 8.829641257059837E-8 3.05137510412E-7 2.56E-9
m 489 339 359 419 0 255 66011.6709199 660116.709199 0.0 6.45852646514E-7 2.56E-9
m 169 609 167 519 0 162 47104.3170233 471043.170233 1.44018926327125E-7 4.02424944932E-7 2.56E-9
r 529 389 529 229 0 181 311214.739901
m 409 389 387 479 0 277 6446.26338803 64462.6338803 7.00745545232E-8 7.00745545232E-8 2.56E-9
r 419 469 379 339 0 135 201903.77882
m 449 519 339 589 0 46 14544.5084359 145445.084359 1.59910213267E-7 1.59910213267E-7 2.56E-9
r 249 409 419 469 0 11 249455.7208
m 529 459 449 429 0 21 122945.935008 1229459.35008 0.0 1.06669411513E-6 2.56E-9
m 529 229 469 99 0 89 14850.8869099 148508.869099 0.0 1.6962432957E-7 2.56E-9
m 737 389 709 329 0 244 128278.169564 1282781.69564 0.0 1.50191719173E-6 2.56E-9
m 679 379 737 289 0 2 123453.118186 1234531.18186 9.98017613311E-7 9.98017613311E-7 2.56E-9
m 139 449 249 329 0 132 178212.090873 1782120.90873 0.0 2.13500200957E-6 2.56E-9
m 709 329 629 379 0 39 155770.674375 1557706.74375 1.9708873894716977E-7 1.49079419418E-6 2.56E-9
m 549 529 489 499 0 50 30158.5603719 301585.603719 2.78638540239E-7 2.78638540239E-7 2.56E-9
m 479 309 629 239 0 24 69913.163453 699131.63453 0.0 7.78245282194E-7 2.56E-9
r 159 369 279 479 0 207 228460.548774
m 679 379 617 469 0 1 59348.6391967 593486.391967 6.89183188951E-7 6.89183188951E-7 2.56E-9
m 657 279 509 139 0 33 122443.018911 1224430.18911 0.0 1.00679302774E-6 2.56E-9
m 599 109 439 139 0 64 94218.181 942181.81 7.645510803768989E-7 7.69651882181E-7 2.56E-9
m 529 229 529 99 0 93 10215.7595809 102157.595809 0.0 9.07708024552E-8 2.56E-9
m 399 229 399 429 0 26 59877.1492513 598771.492513 0.0 4.96124705451E-7 2.56E-9
m 619 279 707 429 0 239 143091.541066 1430915.41066 2.8207381167990534E-7 1.55867784229E-6 2.56E-9
m 659 339 609 329 0 262 116477.046729 1164770.46729 7.001683960617066E-7 1.20850456849E-6 2.56E-9
r 489 339 449 519 0 256 220781.139466
m 609 329 459 269 0 287 100485.212466 1004852.12466 8.77807017579E-7 8.77807017579E-7 2.56E-9
m 389 569 427 589 0 67 39059.832049 390598.32049 0.0 3.33189119839E-7 2.56E-9
m 599 419 529 389 0 20 86169.872419 861698.72419 8.49535414242E-7 8.49535414242E-7 2.56E-9
m 419 469 569 479 0 168 45566.4178585 455664.178585 3.71150556808E-7 3.71150556808E-7 2.56E-9
m 649 419 409 389 0 295 31952.3575356 319523.575356 0.0 2.83123973411E-7 2.56E-9
m 287 349 329 459 0 109 28699.692991 286996.92991 0.0 3.39120803666E-7 2.56E-9
m 167 519 209 359 0 250 117505.086934 1175050.86934 1.1759774152807888E-6 1.29173480102E-6 2.56E-9
m 709 329 539 339 0 40 163891.775188 1638917.75188 5.783876564209724E-7 1.72452054816E-6 2.56E-9
m 369 239 199 309 0 69 73979.8275223 739798.275223 0.0 8.43188586915E-7 2.56E-9
m 579 309 589 359 0 52 70137.7034121 701377.034121 7.67811445956E-7 7.67811445956E-7 2.56E-9
m 389 569 469 559 0 68 54720.4920524 547204.920524 0.0 5.86648715706E-7 2.56E-9
m 529 309 679 379 0 216 50345.5100633 503455.100633 0.0 6.00998473093E-7 2.56E-9
m 549 169 399 119 0 176 155358.026187 1553580.26187 6.930919517925175E-7 1.30815974247E-6 2.56E-9
m 469 559 417 669 0 112 60963.9174716 609639.174716 5.27902995967E-7 5.27902995967E-7 2.56E-9
m 439 199 467 169 0 238 36333.0920927 363330.920927 4.08649436014E-7 4.08649436014E-7 2.56E-9
m 159 369 139 449 0 159 125690.889124 1256908.89124 1.192448317E-6 1.192448317E-6 2.56E-9
r 609 559 529 389 0 167 243626.968976
m 449 519 649 519 0 279 156564.61936 1565646.1936 6.027586449487842E-7 1.62889287298E-6 2.56E-9
r 308 569 257 579 0 231 267890.420709
m 479 309 369 239 0 25 164502.084243 1645020.84243 1.58849727223E-6 1.58849727223E-6 2.56E-9
m 667 469 489 499 0 222 121525.152358 1215251.52358 1.05978371559E-6 1.05978371559E-6 2.56E-9
m 379 529 517 559 0 211 42419.0971537 424190.971537 0.0 4.87249570628E-7 2.56E-9
m 529 389 449 429 0 289 60149.9371815 601499.371815 0.0 5.16939099571E-7 2.56E-9
m 599 419 509 279 0 137 137442.195896 1374421.95896 1.4122061683203017E-7 1.54324568487E-6 2.56E-9
m 329 459 287 529 0 100 55786.9506934 557869.506934 0.0 6.1348527791E-7 2.56E-9
r 459 269 479 379 0 288 244011.507134
m 249 409 359 419 0 13 17492.7700121 174927.700121 1.77586384401E-7 1.77586384401E-7 2.56E-9
r 209 639 119 539 0 83 422269.351703
r 399 269 509 189 0 142 231841.765148
m 317 269 419 279 0 5 24739.6482017 247396.482017 2.54900597238E-7 2.54900597238E-7 2.56E-9
m 219 209 269 59 0 71 153282.154904 1532821.54904 1.297509196085763E-6 1.51473779762E-6 2.56E-9
r 349 169 389 319 0 183 252050.607496
m 379 339 457 469 0 192 9545.50636625 95455.0636625 1.05202609855E-7 1.05202609855E-7 2.56E-9
r 439 239 559 269 0 258 229713.768727
m 617 469 609 329 0 17 89125.3896434 891253.896434 8.33470261674E-7 8.33470261674E-7 2.56E-9
g 1040 360 1040 408 0 0
m 339 589 287 529 0 47 52175.4924849 521754.924849 0.0 5.46420410528E-7 2.56E-9
m 539 339 439 369 0 42 11886.1556955 118861.556955 0.0 1.37362622598E-7 2.56E-9
m 427 589 599 519 0 96 153013.860551 1530138.60551 5.334973895477651E-7 1.65923084197E-6 2.56E-9
m 259 189 199 129 0 76 110278.389654 1102783.89654 9.52900865123E-7 9.52900865123E-7 2.56E-9
m 349 499 457 469 0 234 156159.212182 1561592.12182 5.890714370482393E-7 1.564139423E-6 2.56E-9
r 469 99 439 239 0 223 358154.945145
r 439 239 609 329 0 257 202790.268063
m 499 -1 427 49 0 62 138127.965158 1381279.65158 1.2282340064292787E-6 1.57434384059E-6 2.56E-9
m 439 139 509 139 0 197 40897.8121927 408978.121927 0.0 4.42567935542E-7 2.56E-9
r 849 549 769 459 0 84 202338.088833
r 309 99 509 139 0 304 100.0
m 249 329 129 309 0 267 61168.3764839 611683.764839 0.0 7.13226892394E-7 2.56E-9
m 157 219 267 279 0 242 13195.8067716 131958.067716 9.35919068126759E-8 1.18592900644E-7 2.56E-9
m 379 529 369 379 0 209 109599.2546 1095992.546 1.16152358084E-6 1.16152358084E-6 2.56E-9
m 737 389 629 379 0 245 56005.6047261 560056.047261 5.44027321762E-7 5.44027321762E-7 2.56E-9
m 529 459 479 309 0 23 80061.1777663 800611.777663 9.42791120356E-7 9.42791120356E-7 2.56E-9
r 469 559 487 429 0 114 205627.827383
m 779 509 707 429 0 172 19798.8533517 197988.533517 1.91921410187E-7 1.91921410187E-7 2.56E-9
m 209 639 339 589 0 82 26786.8111132 267868.111132 0.0 2.4130422195E-7 2.56E-9
m 469 559 399 429 0 113 15534.5914864 155345.914864 1.4574001473E-7 1.4574001473E-7 2.56E-9
m 399 229 297 309 0 118 14615.7078712 146157.078712 1.28893453991E-7 1.28893453991E-7 2.56E-9
r 599 519 707 429 0 185 211825.155372
m 249 329 157 219 0 119 73309.2173885 733092.173885 0.0 6.71956788995E-7 2.56E-9
m 337 349 479 309 0 193 43590.3747494 435903.747494 5.1756614976E-7 5.1756614976E-7 2.56E-9
r 379 339 359 419 0 191 392177.025692
m 599 419 609 559 0 138 152759.778377 1527597.78377 3.79314571083987E-7 1.39702364965E-6 2.56E-9
m 809 419 649 419 0 203 113246.341992 1132463.41992 0.0 1.01260401262E-6 2.56E-9
m 249 409 337 539 0 12 34571.1816708 345711.816708 4.14526164971E-7 4.14526164971E-7 2.56E-9
m 339 589 389 569 0 48 87055.3263075 870553.263075 9.30662847877E-7 9.30662847877E-7 2.56E-9
m 359 299 359 419 0 214 30885.0191169 308850.191169 0.0 3.40596430106E-7 2.56E-9
m 559 429 737 389 0 188 115774.575821 1157745.75821 6.586950687712923E-7 1.19095232513E-6 2.56E-9
m 539 339 509 279 0 41 22360.2080483 223602.080483 0.0 2.11561079461E-7 2.56E-9
m 419 469 439 319 0 134 73627.1134517 736271.134517 0.0 6.10769659896E-7 2.56E-9
m 389 569 329 389 0 66 40058.8641608 400588.641608 4.19749550678E-7 4.19749550678E-7 2.56E-9
m 249 409 349 499 0 254 96943.3086737 969433.086737 1.08504384366E-6 1.08504384366E-6 2.56E-9
m 439 319 559 269 0 160 47209.0280129 472090.280129 5.4037974597130715E-8 5.29270778446E-7 2.56E-9
m 399 229 479 379 0 27 40573.2617089 405732.617089 0.0 3.56881753358E-7 2.56E-9
r 679 609 599 519 0 177 200906.478278
m 517 559 487 429 0 252 43223.5913563 432235.913563 5.14970848347E-7 5.14970848347E-7 2.56E-9
r 399 119 269 59 0 174 341637.841844
m 589 359 659 339 0 285 106947.971822 1069479.71822 5.670787248755171E-7 1.09198647604E-6 2.56E-9
m 559 269 699 249 0 260 90092.0631387 900920.631387 2.4223048300781523E-7 7.79292130526E-7 2.56E-9
m 489 499 279 479 0 165 195963.663526 1959636.63526 1.98432308309E-6 1.98432308309E-6 2.56E-9
m 439 369 579 309 0 225 79224.5590036 792245.590036 0.0 7.34359171372E-7 2.56E-9
r 257 579 167 519 0 232 268396.301858
m 287 529 419 469 0 133 5430.29870318 54302.9870318 0.0 6.25677767809E-8 2.56E-9
m 439 239 267 279 0 280 18991.7754922 189917.754922 0.0 2.24587322611E-7 2.56E-9
m 219 209 249 329 0 73 136227.246638 1362272.46638 1.4012513248E-6 1.4012513248E-6 2.56E-9
m 609 559 627 639 0 240 132035.556333 1320355.56333 5.591527123929745E-8 1.37110556965E-6 2.56E-9
m 129 309 219 209 0 268 79957.8008845 799578.008845 8.07763721087E-7 8.07763721087E-7 2.56E-9
r 399 169 509 189 0 78 313340.373407
m 329 459 287 439 0 101 115629.314172 1156293.14172 1.4197811288633267E-7 1.09630766687E-6 2.56E-9
m 209 359 237 449 0 182 37443.468723 374434.68723 3.98680716107E-7 3.98680716107E-7 2.56E-9
m 249 329 287 439 0 121 48661.3364317 486613.364317 0.0 4.44514700667E-7 2.56E-9
m 439 369 349 499 0 129 135804.973775 1358049.73775 0.0 1.2454897724E-6 2.56E-9
m 509 279 319 219 0 284 66539.9474611 665399.474611 1.6779588416464818E-7 7.71121743804E-7 2.56E-9
m 199 309 249 409 0 206 165772.909739 1657729.09739 0.0 1.48080529105E-6 2.56E-9
m 317 269 399 269 0 4 58830.9206733 588309.206733 4.0239365558361585E-8 5.46282415107E-7 2.56E-9
r 529 229 369 239 0 91 327677.467922
r 549 169 439 139 0 145 275884.258696
m 449 519 349 499 0 45 27079.3179395 270793.179395 0.0 2.24069133267E-7 2.56E-9
m 679 609 609 559 0 178 71749.7183476 717497.183476 1.314399088017206E-7 8.52491946062E-7 2.56E-9
r 567 219 489 339 0 247 207330.484961
r 479 379 569 479 0 276 230579.87526
r 439 319 487 429 0 161 207288.822271
r 257 579 349 499 0 233 345971.801749
m 649 419 629 239 0 265 116437.369093 1164373.69093 3.098093398178651E-7 1.01529921548E-6 2.56E-9
m 259 189 279 239 0 74 4531.81995654 45318.1995654 0.0 5.28259317006E-8 2.56E-9
m 369 239 359 79 0 153 77337.1934365 773371.934365 0.0 9.20246705782E-7 2.56E-9
m 699 249 719 189 0 293 128916.984926 1289169.84926 1.3864337778624684E-7 1.44277839365E-6 2.56E-9
m 629 239 679 199 0 291 38199.4741721 381994.741721 1.1560252652642233E-7 4.25794061675E-7 2.56E-9
m 79 369 199 309 0 205 149715.8205 1497158.205 8.397915132055335E-7 1.38001547656E-6 2.56E-9
m 509 139 509 279 0 35 149419.442414 1494194.42414 1.48937944907E-6 1.48937944907E-6 2.56E-9
m 419 469 469 559 0 136 47891.1797129 478911.797129 4.91365523734E-7 4.91365523734E-7 2.56E-9
m 599 419 657 279 0 19 105845.222151 1058452.22151 0.0 1.2416037383E-6 2.56E-9
r 279 239 409 389 0 32 223266.367026
m 199 129 97 119 0 229 34079.8642661 340798.642661 0.0 3.25716486896E-7 2.56E-9
m 329 389 329 459 0 274 40566.1279742 405661.279742 0.0 4.80903687473E-7 2.56E-9
m 529 309 489 339 0 217 48240.5269529 482405.269529 5.10294668424E-7 5.10294668424E-7 2.56E-9
R 1080 8 1328 8 0 296 1 40.0 10.0 0.0 0.0 0.5
r 359 299 459 269 0 200 410881.325864
m 229 259 159 159 0 155 160021.848522 1600218.48522 1.84585243322E-6 1.84585243322E-6 2.56E-9
m 809 419 867 389 0 204 178385.351748 1783853.51748 4.3567994822727955E-7 1.75964117813E-6 2.56E-9
R 1240 216 1328 216 0 297 1 40.0 10.0 0.0 0.0 0.5
r 599 419 649 519 0 139 295305.983363
m 627 639 599 519 0 269 140798.732479 1407987.32479 5.3938703441421114E-8 1.5156835351E-6 2.56E-9
m 199 129 319 219 0 228 141599.53147 1415995.3147 1.21035363337E-6 1.21035363337E-6 2.56E-9
m 629 379 489 499 0 253 31594.7936358 315947.936358 3.5582158064E-7 3.5582158064E-7 2.56E-9
m 317 269 287 349 0 6 119937.903337 1199379.03337 1.0669973017496192E-8 1.27079342029E-6 2.56E-9
r 287 349 319 219 0 127 222878.174908
r 359 79 469 99 0 202 363223.70167
m 529 99 459 269 0 105 51163.6717809 511636.717809 0.0 6.01131843255E-7 2.56E-9
m 629 239 719 189 0 290 73034.8570081 730348.570081 4.2065838748275234E-8 6.7374454337E-7 2.56E-9
m 549 529 419 469 0 51 23806.5263407 238065.263407 0.0 2.38346974128E-7 2.56E-9
m 539 339 399 269 0 81 100308.918248 1003089.18248 9.71801586965E-7 9.71801586965E-7 2.56E-9
m 439 139 319 219 0 147 112721.02179 1127210.2179 1.23767724876E-6 1.23767724876E-6 2.56E-9
m 579 309 479 379 0 53 159465.339533 1594653.39533 1.51372218121E-6 1.51372218121E-6 2.56E-9
m 339 589 449 429 0 218 146238.66197 1462386.6197 0.0 1.50314822786E-6 2.56E-9
m 287 439 387 479 0 123 30935.0862816 309350.862816 0.0 3.61556881861E-7 2.56E-9
m 369 239 479 229 0 70 86112.145925 861121.45925 8.77545078233E-7 8.77545078233E-7 2.56E-9
m 499 -1 509 139 0 61 167392.806224 1673928.06224 0.0 1.44744457715E-6 2.56E-9
m 529 459 387 479 0 236 139346.972012 1393469.72012 0.0 1.14374689142E-6 2.56E-9
m 649 419 769 459 0 264 121249.524387 1212495.24387 7.880569578041582E-7 1.15550907008E-6 2.56E-9
m 287 349 297 309 0 111 148085.634744 1480856.34744 8.984511395932211E-7 1.48972130555E-6 2.56E-9
m 489 339 529 229 0 271 179255.14372 1792551.4372 1.9186896061E-6 1.9186896061E-6 2.56E-9
m 559 429 379 339 0 187 46488.7267329 464887.267329 0.0 4.28543836665E-7 2.56E-9
r 439 139 389 319 0 146 404024.394388
m 599 109 509 139 0 65 89683.2543564 896832.543564 0.0 9.08322453117E-7 2.56E-9
m 337 539 359 419 0 15 38590.0197442 385900.197442 0.0 4.51088786367E-7 2.56E-9
m 339 589 349 499 0 49 19519.745266 195197.45266 0.0 2.02890347788E-7 2.56E-9
r 619 279 699 249 0 292 274992.878354
r 159 369 297 309 0 158 210602.63852
m 529 459 659 339 0 22 111032.24591 1110322.4591 3.4941939352762783E-10 1.05547083876E-6 2.56E-9
m 379 339 259 189 0 58 8071.51877742 80715.1877742 0.0 8.32862301477E-8 2.56E-9
m 249 409 267 279 0 10 101750.532136 1017505.32136 8.90069491311E-7 8.90069491311E-7 2.56E-9
m 287 349 319 219 0 128 157091.386069 1570913.86069 0.0 1.4754227763E-6 2.56E-9
r 559 269 487 429 0 179 201270.577932
m 629 239 509 189 0 94 13217.333184 132173.33184 1.14422514465E-7 1.14422514465E-7 2.56E-9
m 489 339 449 429 0 272 28035.3166159 280353.166159 3.16105032925E-7 3.16105032925E-7 2.56E-9
m 399 169 439 199 0 79 15349.7358808 153497.358808 0.0 1.65566569399E-7 2.56E-9
m 559 269 619 279 0 180 56286.2289557 562862.289557 3.203117059009364E-7 4.7554396802E-7 2.56E-9
r 317 269 369 379 0 7 269098.464597
m 209 359 319 219 0 251 85081.8683877 850818.683877 0.0 7.57114542121E-7 2.56E-9
m 539 339 529 389 0 43 109090.647674 1090906.47674 0.0 1.19717012108E-6 2.56E-9
m 399 229 427 49 0 117 108703.708631 1087037.08631 0.0 1.00353618313E-6 2.56E-9
m 679 379 579 309 0 219 138715.549596 1387155.49596 1.48017904067E-6 1.48017904067E-6 2.56E-9
m 287 439 409 389 0 122 27096.3265591 270963.265591 0.0 2.99037761267E-7 2.56E-9
m 529 99 469 99 0 104 19376.5060948 193765.060948 1.75601863901E-7 1.75601863901E-7 2.56E-9
m 629 239 549 169 0 95 8251.28489453 82512.8489453 0.0 8.38877231631E-8 2.56E-9
w 249 99 856 -48 0 0
w 309 99 1072 -32 0 0
w 709 499 1080 208 0 0
w 129 309 1024 216 0 0
w 479 229 1080 8 0 0
w 139 449 1240 216 0 0
r 856 -48 952 -136 0 0 100.0
r 1072 -32 1048 56 0 0 100.0
r 1080 328 1080 208 0 0 100.0
r 1040 360 1024 216 0 0 100.0
o 311 64 0 35 0.004567192616659071 4.5671926166590717E-5 0 -1
o 312 64 0 35 0.004567192616659071 4.5671926166590717E-5 0 -1
o 313 64 0 35 0.0022835963083295357 2.2835963083295358E-5 0 -1
o 314 64 0 35 0.018268770466636285 1.8268770466636287E-4 0 -1

