$ 1 5.0E-6 16.13108636308289 60 5.0 50
R 16 104 -72 104 0 1 40.0 1.0 0.0 0.0 0.5
m 128 104 240 0 0 100.0 16000.0 0.0 1.0E-8 1.0E-10
m 248 128 240 0 0 100.0 16000.0 0.0 1.0E-8 1.0E-10
m 248 128 304 232 0 100.0 16000.0 1.0E-8 1.0E-8 1.0E-10
m 352 64 304 232 0 100.0 16000.0 1.0E-8 1.0E-8 1.0E-10
m 448 -72 504 64 0 100.0 16000.0 0.0 1.0E-8 1.0E-10
m 304 232 504 232 0 100.0 16000.0 0.0 1.0E-8 1.0E-10
m 352 64 504 64 0 100.0 16000.0 0.0 1.0E-8 1.0E-10
m 240 0 352 64 0 100.0 16000.0 1.0E-8 1.0E-8 1.0E-10
m 504 232 352 64 0 100.0 16000.0 1.0E-8 1.0E-8 1.0E-10
g 648 64 648 112 0
g 648 192 648 240 0
g 648 -72 648 -24 0
r 448 -72 648 -72 0 100.0
r 504 64 648 64 0 100.0
w 504 232 544 192 0
r 544 192 648 192 0 100.0
m 504 64 504 232 0 100.0 16000.0 1.0E-8 1.0E-8 1.0E-10
m 448 -72 240 0 0 100.0 16000.0 1.0E-8 1.0E-8 1.0E-10
m 304 232 128 104 0 100.0 16000.0 1.0E-8 1.0E-8 1.0E-10
s 16 104 128 104 0 0 false
o 0 64 0 35 2.3384026197294445 0.011692013098647223 0 -1
o 13 64 0 35 0.14615016373309028 0.001461501637330903 1 -1
o 14 64 0 35 0.29230032746618057 0.002923003274661806 1 -1
o 16 64 0 35 0.14615016373309028 0.001461501637330903 1 -1

