$ 1 5.0E-6 5.934295036739208 60 5.0 50
R 16 104 -72 104 0 1 40.0 90.0E-3 0.0 0.0 0.5
m 128 104 240 0 0 100.0 16000.0 2.4704229620124636E-9 1.0E-8 1.0E-10
m 248 128 240 0 0 100.0 16000.0 2.417667160488724E-10 1.0E-8 1.0E-10
m 248 128 304 232 0 100.0 16000.0 9.758233418206138E-9 1.0E-8 1.0E-10
m 352 64 304 232 0 100.0 16000.0 5.978585673620584E-9 1.0E-8 1.0E-10
m 448 -72 504 64 0 100.0 16000.0 3.579786558065493E-11 1.0E-8 1.0E-10
m 304 232 504 232 0 100.0 16000.0 1.570204405057203E-9 1.0E-8 1.0E-10
m 352 64 504 64 0 100.0 16000.0 7.093811730812726E-10 1.0E-8 1.0E-10
m 240 0 352 64 0 100.0 16000.0 5.834886809058134E-10 1.0E-8 1.0E-10
m 504 232 352 64 0 100.0 16000.0 6.4301622568929944E-9 1.0E-8 1.0E-10
g 648 64 648 112 0
g 648 192 648 240 0
g 648 -72 648 -24 0
r 448 -72 648 -72 0 100.0
r 504 64 648 64 0 100.0
w 504 232 544 192 0
r 544 192 648 192 0 100.0
m 504 64 504 232 0 100.0 16000.0 9.109483811617013E-9 1.0E-8 1.0E-10
m 448 -72 240 0 0 100.0 16000.0 5.058720475203404E-9 1.0E-8 1.0E-10
m 304 232 128 104 0 100.0 16000.0 3.7540615176464E-9 1.0E-8 1.0E-10
s 16 104 128 104 0 0 false
m 240 0 200 -160 0 100.0 16000.0 1.1833479502765809E-9 1.0E-8 1.0E-10
m 448 -72 200 -160 0 100.0 16000.0 8.619082054064883E-9 1.0E-8 1.0E-10
m 128 104 248 344 0 100.0 16000.0 1.88962102939544E-9 1.0E-8 1.0E-10
m 248 344 432 400 0 100.0 16000.0 5.095496852149099E-10 1.0E-8 1.0E-10
m 432 400 464 352 0 100.0 16000.0 5.256707187492869E-10 1.0E-8 1.0E-10
m 304 232 248 344 0 100.0 16000.0 7.949246715869981E-9 1.0E-8 1.0E-10
m 504 232 464 352 0 100.0 16000.0 6.382124712743709E-9 1.0E-8 1.0E-10
m 432 400 288 520 0 100.0 16000.0 9.65719081771185E-9 1.0E-8 1.0E-10
m 248 344 168 424 0 100.0 16000.0 8.789500680047783E-9 1.0E-8 1.0E-10
m 432 400 568 480 0 100.0 16000.0 2.3760648539704357E-10 1.0E-8 1.0E-10
m 568 480 576 336 0 100.0 16000.0 4.787785841921023E-10 1.0E-8 1.0E-10
m 576 336 504 232 0 100.0 16000.0 4.787785877172534E-10 1.0E-8 1.0E-10
m 248 344 336 312 0 100.0 16000.0 5.39816906045294E-10 1.0E-8 1.0E-10
m 336 312 304 232 0 100.0 16000.0 7.53669394115754E-9 1.0E-8 1.0E-10
m 336 312 432 400 0 100.0 16000.0 6.769563189821279E-9 1.0E-8 1.0E-10
m 464 352 336 312 0 100.0 16000.0 6.907795443599175E-9 1.0E-8 1.0E-10
m 352 64 376 176 0 100.0 16000.0 3.2568404141433845E-10 1.0E-8 1.0E-10
m 376 176 504 232 0 100.0 16000.0 3.2568404496572374E-10 1.0E-8 1.0E-10
m 168 424 288 520 0 100.0 16000.0 5.839830273249543E-10 1.0E-8 1.0E-10
m 128 104 168 424 0 100.0 16000.0 1.7944824162354338E-9 1.0E-8 1.0E-10
m 288 520 456 576 0 100.0 16000.0 2.411734160349661E-10 1.0E-8 1.0E-10
m 568 480 456 576 0 100.0 16000.0 9.75882728747673E-9 1.0E-8 1.0E-10
m 200 -160 360 -248 0 100.0 16000.0 9.802429950792822E-9 1.0E-8 1.0E-10
m 360 -248 448 -72 0 100.0 16000.0 1.0424851098523893E-10 1.0E-8 1.0E-10
m 240 0 64 -112 0 100.0 16000.0 6.004073488078459E-9 1.0E-8 1.0E-10
m 64 -112 224 -272 0 100.0 16000.0 1.264580625703013E-9 1.0E-8 1.0E-10
m 224 -272 360 -248 0 100.0 16000.0 7.527414673044586E-10 1.0E-8 1.0E-10
m 448 -72 648 -304 0 100.0 16000.0 9.037238216489349E-9 1.0E-8 1.0E-10
m 648 -304 496 -288 0 100.0 16000.0 9.320344200404702E-9 1.0E-8 1.0E-10
m 496 -288 360 -248 0 100.0 16000.0 9.320344189114749E-9 1.0E-8 1.0E-10
m 224 -272 336 -376 0 100.0 16000.0 5.118391407856983E-10 1.0E-8 1.0E-10
m 336 -376 360 -248 0 100.0 16000.0 2.2873307848320397E-10 1.0E-8 1.0E-10
m 336 -376 648 -304 0 100.0 16000.0 2.831060753317385E-10 1.0E-8 1.0E-10
m 64 -112 128 104 0 100.0 16000.0 4.7394927656570105E-9 1.0E-8 1.0E-10
o 0 64 0 35 2.3384026197294445 0.011692013098647223 0 -1
o 13 64 0 35 0.29230032746618057 0.002923003274661806 1 -1
o 14 64 0 35 0.29230032746618057 0.002923003274661806 1 -1
o 16 64 0 35 0.5846006549323611 0.005846006549323612 1 -1

